 -0.000050     310.000000     809.825388     899.731840     921.533493     922.411425
  0.000050     310.000000     809.825388     899.731840     921.533493     922.411425
  0.000150     310.000000     809.730078     899.632808     921.433531     922.311425
  0.000250     310.000000     809.539459     899.434745     921.233606     922.111425
  0.000350     310.000000     809.253528     899.137650     920.933719     921.811425
  0.000450     310.000000     808.872286     898.741523     920.533871     921.411425
  0.000550     310.000000     808.395732     898.246365     920.034060     920.911426
  0.000650     310.000000     807.823864     897.652173     919.434286     920.311426
  0.000750     310.000000     807.156680     896.958949     918.734551     919.611426
  0.000850     310.000000     806.394178     896.166692     917.934853     918.811427
  0.000950     310.000000     805.536356     895.275401     917.035192     917.911427
  0.001050     310.000000     804.583212     894.285075     916.035570     916.911428
  0.001150     310.000000     803.534742     893.195715     914.935985     915.811428
  0.001250     310.000000     802.390944     892.007319     913.736438     914.611429
  0.001350     310.000000     801.151814     890.719887     912.436928     913.311430
  0.001450     310.000000     799.817348     889.333418     911.037456     911.911431
  0.001550     310.000000     798.387543     887.847911     909.538022     910.411431
  0.001650     310.000000     796.862394     886.263364     907.938624     908.811432
  0.001750     310.000000     795.241897     884.579778     906.239265     907.111433
  0.001850     310.000000     793.526046     882.797151     904.439943     905.311434
  0.001950     310.000000     791.714837     880.915482     902.540658     903.411435
  0.002050     310.000000     789.808264     878.934770     900.541410     901.411436
  0.002150     310.000000     787.806322     876.855013     898.442200     899.311438
  0.002250     310.000000     785.709005     874.676211     896.243027     897.111439
  0.002350     310.000000     783.516306     872.398361     893.943891     894.811440
  0.002450     310.000000     781.228219     870.021463     891.544793     892.411441
  0.002550     310.000000     778.844737     867.545515     889.045731     889.911443
  0.002650     310.000000     776.365853     864.970516     886.446707     887.311444
  0.002750     310.000000     773.791560     862.296464     883.747719     884.611446
  0.002850     310.000000     771.121850     859.523357     880.948768     881.811447
  0.002950     310.000000     768.356715     856.651193     878.049854     878.911449
  0.003050     310.000000     765.496148     853.679971     875.050977     875.911451
  0.003150     310.000000     762.540139     850.609689     871.952136     872.811452
  0.003250     310.000000     759.488679     847.440346     868.753332     869.611454
  0.003350     310.000000     756.341761     844.171938     865.454565     866.311456
  0.003450     310.000000     753.099374     840.804465     862.055833     862.911458
  0.003550     310.000000     749.761509     837.337924     858.557139     859.411460
  0.003650     310.000000     746.328156     833.772312     854.958480     855.811462
  0.003750     310.000000     742.799305     830.107628     851.259858     852.111464
  0.003850     310.000000     739.174946     826.343870     847.461272     848.311466
  0.003950     310.000000     735.455068     822.481035     843.562722     844.411468
  0.004050     310.000000     731.639660     818.519121     839.564207     840.411470
  0.004150     310.000000     727.728711     814.458126     835.465729     836.311473
  0.004250     310.000000     723.722209     810.298046     831.267286     832.111475
  0.004350     310.000000     719.620144     806.038880     826.968879     827.811477
  0.004450     310.000000     715.422501     801.680624     822.570507     823.411480
  0.004550     310.000000     711.129270     797.223277     818.072171     818.911482
  0.004650     310.000000     706.740439     792.666835     813.473870     814.311485
  0.004750     310.000000     702.255993     788.011296     808.775604     809.611487
  0.004850     310.000000     697.675920     783.256657     803.977373     804.811490
  0.004950     310.000000     693.000207     778.402915     799.079178     799.911493
  0.005050     300.000000     691.807365     777.164703     797.829638     798.661493
  0.005150     300.000000     690.641123     775.951431     796.604624     797.436004
  0.005250     300.000000     689.500518     774.762152     795.403194     796.234081
  0.005350     300.000000     688.384642     773.595973     794.224458     795.054837
  0.005450     300.000000     687.292637     772.452051     793.067577     793.897430
  0.005550     300.000000     686.223693     771.329587     791.931755     792.761067
  0.005650     300.000000     685.177041     770.227827     790.816242     791.644997
  0.005750     300.000000     684.151954     769.146056     789.720325     790.548506
  0.005850     300.000000     683.147742     768.083596     788.643329     789.470921
  0.005950     300.000000     682.163750     767.039802     787.584612     788.411600
  0.006050     300.000000     681.199355     766.014063     786.543567     787.369934
  0.006150     300.000000     680.253966     765.005797     785.519613     786.345345
  0.006250     300.000000     679.327019     764.014452     784.512201     785.337281
  0.006350     300.000000     678.417977     763.039499     783.520804     784.345219
  0.006450     300.000000     677.526329     762.080437     782.544924     783.368657
  0.006550     300.000000     676.651586     761.136786     781.584083     782.407120
  0.006650     300.000000     675.793283     760.208088     780.637826     781.460151
  0.006750     300.000000     674.950974     759.293907     779.705718     780.527317
  0.006850     300.000000     674.124232     758.393825     778.787343     779.608200
  0.006950     300.000000     673.312652     757.507442     777.882302     778.702404
  0.007050     300.000000     672.515841     756.634375     776.990217     777.809548
  0.007150     300.000000     671.733427     755.774258     776.110722     776.929268
  0.007250     300.000000     670.965051     754.926740     775.243467     776.061213
  0.007350     300.000000     670.210370     754.091484     774.388118     775.205050
  0.007450     300.000000     669.469052     753.268167     773.544353     774.360457
  0.007550     300.000000     668.740783     752.456479     772.711864     773.527125
  0.007650     300.000000     668.025256     751.656121     771.890353     772.704757
  0.007750     300.000000     667.322179     750.866807     771.079538     771.893070
  0.007850     300.000000     666.631271     750.088261     770.279142     771.091790
  0.007950     300.000000     665.952260     749.320219     769.488903     770.300652
  0.008050     300.000000     665.284886     748.562426     768.708568     769.519403
  0.008150     300.000000     664.628896     747.814635     767.937892     768.747800
  0.008250     300.000000     663.984048     747.076610     767.176639     767.985606
  0.008350     300.000000     663.350109     746.348122     766.424583     767.232595
  0.008450     300.000000     662.726853     745.628952     765.681505     766.488549
  0.008550     300.000000     662.114061     744.918888     764.947195     765.753256
  0.008650     300.000000     661.511525     744.217723     764.221448     765.026514
  0.008750     300.000000     660.919040     743.525261     763.504068     764.308124
  0.008850     300.000000     660.336410     742.841310     762.794865     763.597899
  0.008950     300.000000     659.763445     742.165685     762.093656     762.895653
  0.009050     300.000000     659.199961     741.498208     761.400263     762.201210
  0.009150     300.000000     658.645782     740.838705     760.714515     761.514398
  0.009250     300.000000     658.100733     740.187010     760.036245     760.835052
  0.009350     300.000000     657.564650     739.542960     759.365293     760.163011
  0.009450     300.000000     657.037369     738.906400     758.701504     759.498119
  0.009550     300.000000     656.518736     738.277177     758.044727     758.840226
  0.009650     300.000000     656.008597     737.655144     757.394816     758.189186
  0.009750     300.000000     655.506806     737.040158     756.751631     757.544858
  0.009850     300.000000     655.013220     736.432082     756.115032     756.907104
  0.009950     300.000000     654.527699     735.830781     755.484889     756.275793
  0.010050     300.000000     654.050110     735.236125     754.861072     755.650795
