  0.000000       0.200000       0.200000       0.200000       0.200000       0.200000
  0.020000       0.199803       0.201776       0.199609       0.196367       0.197177
  0.040000       0.199212       0.203604       0.199263       0.192799       0.194445
  0.060000       0.198229       0.205455       0.198898       0.189384       0.191802
  0.080000       0.196859       0.207285       0.198472       0.186139       0.189233
  0.100000       0.195106       0.209084       0.197906       0.183103       0.186705
  0.120000       0.192978       0.210877       0.197152       0.180334       0.184210
  0.140000       0.190483       0.212655       0.196230       0.177824       0.181792
  0.160000       0.187631       0.214336       0.195122       0.175554       0.179425
  0.180000       0.184434       0.215862       0.193860       0.173545       0.177081
  0.200000       0.180903       0.217170       0.192475       0.171785       0.174760
  0.220000       0.177053       0.218154       0.190969       0.170291       0.172410
  0.240000       0.172898       0.218730       0.189362       0.169101       0.170019
  0.260000       0.168456       0.218942       0.187671       0.168221       0.167635
  0.280000       0.163744       0.218831       0.185869       0.167651       0.165258
  0.300000       0.158781       0.218401       0.183993       0.167393       0.162907
  0.320000       0.153585       0.217675       0.182097       0.167428       0.160586
  0.340000       0.148178       0.216686       0.180183       0.167717       0.158270
  0.360000       0.142581       0.215458       0.178282       0.168218       0.155896
  0.380000       0.136816       0.214047       0.176390       0.168939       0.153431
  0.400000       0.130905       0.212518       0.174515       0.169939       0.150873
  0.420000       0.124873       0.210817       0.172612       0.171226       0.148189
  0.440000       0.118742       0.208868       0.170724       0.172723       0.145327
  0.460000       0.112538       0.206679       0.168927       0.174358       0.142215
  0.480000       0.106283       0.204320       0.167192       0.176172       0.138744
  0.500000       0.100005       0.201830       0.165562       0.178213       0.134878
  0.520000       0.093726       0.199227       0.164084       0.180453       0.130676
  0.540000       0.087472       0.196512       0.162703       0.182934       0.126242
  0.560000       0.081267       0.193686       0.161349       0.185700       0.121606
  0.580000       0.075136       0.190767       0.160032       0.188787       0.116792
  0.600000       0.069104       0.187813       0.158771       0.192214       0.111943
  0.620000       0.063193       0.184888       0.157558       0.195944       0.107149
  0.640000       0.057427       0.182099       0.156459       0.199900       0.102463
  0.660000       0.051830       0.179525       0.155529       0.203924       0.097925
  0.680000       0.046423       0.177160       0.154840       0.207950       0.093502
  0.700000       0.041227       0.175012       0.154420       0.211988       0.089200
  0.720000       0.036263       0.173119       0.154169       0.216007       0.085081
  0.740000       0.031550       0.171475       0.153985       0.220019       0.081148
  0.760000       0.027108       0.170029       0.153788       0.223961       0.077448
  0.780000       0.022953       0.168824       0.153573       0.227737       0.073967
  0.800000       0.019103       0.167924       0.153395       0.231253       0.070713
  0.820000       0.015571       0.167314       0.153221       0.234469       0.067755
  0.840000       0.012373       0.166963       0.152943       0.237347       0.065106
  0.860000       0.009521       0.166876       0.152567       0.239828       0.062776
  0.880000       0.007025       0.167011       0.152156       0.241930       0.060747
  0.900000       0.004897       0.167301       0.151744       0.243631       0.059012
  0.920000       0.003144       0.167695       0.151389       0.244928       0.057556
  0.940000       0.001773       0.168113       0.151126       0.245855       0.056388
  0.960000       0.000790       0.168509       0.150924       0.246472       0.055589
  0.980000       0.000198       0.168814       0.150794       0.246865       0.055191
  1.000000       0.000000       0.168979       0.150745       0.247016       0.055209
  1.020000       0.000197       0.169024       0.150738       0.246884       0.055622
  1.040000       0.000787       0.168963       0.150803       0.246505       0.056411
  1.060000       0.001769       0.168865       0.150959       0.245847       0.057542
  1.080000       0.003139       0.168807       0.151173       0.244826       0.058931
  1.100000       0.004891       0.168840       0.151426       0.243412       0.060617
  1.120000       0.007019       0.169038       0.151695       0.241601       0.062609
  1.140000       0.009513       0.169440       0.151949       0.239384       0.064892
  1.160000       0.012364       0.170062       0.152112       0.236771       0.067507
  1.180000       0.015561       0.170959       0.152187       0.233803       0.070440
  1.200000       0.019092       0.172103       0.152240       0.230507       0.073639
  1.220000       0.022941       0.173532       0.152321       0.226952       0.077075
  1.240000       0.027095       0.175239       0.152402       0.223235       0.080763
  1.260000       0.031537       0.177120       0.152474       0.219419       0.084648
  1.280000       0.036248       0.179213       0.152650       0.215583       0.088703
  1.300000       0.041212       0.181539       0.153015       0.211758       0.092951
  1.320000       0.046407       0.184068       0.153631       0.207904       0.097374
  1.340000       0.051814       0.186805       0.154473       0.204029       0.101907
  1.360000       0.057411       0.189728       0.155498       0.200242       0.106552
  1.380000       0.063176       0.192745       0.156667       0.196633       0.111322
  1.400000       0.069086       0.195755       0.157885       0.193266       0.116150
  1.420000       0.075118       0.198727       0.159142       0.190225       0.120940
  1.440000       0.081249       0.201629       0.160484       0.187528       0.125573
  1.460000       0.087453       0.204418       0.161903       0.185101       0.130011
  1.480000       0.093707       0.207051       0.163385       0.182876       0.134196
  1.500000       0.099986       0.209521       0.164979       0.180852       0.138028
  1.520000       0.106265       0.211852       0.166692       0.179009       0.141479
  1.540000       0.112519       0.213991       0.168504       0.177347       0.144608
  1.560000       0.118724       0.215861       0.170407       0.175821       0.147472
  1.580000       0.124855       0.217472       0.172348       0.174472       0.150148
  1.600000       0.130888       0.218888       0.174283       0.173366       0.152710
  1.620000       0.136798       0.220160       0.176255       0.172500       0.155188
  1.640000       0.142564       0.221247       0.178237       0.171881       0.157589
  1.660000       0.148162       0.222065       0.180215       0.171454       0.159909
  1.680000       0.153570       0.222598       0.182213       0.171245       0.162236
  1.700000       0.158766       0.222820       0.184183       0.171320       0.164625
  1.720000       0.163730       0.222715       0.186086       0.171694       0.167064
  1.740000       0.168443       0.222254       0.187889       0.172373       0.169521
  1.760000       0.172886       0.221393       0.189578       0.173348       0.171932
  1.780000       0.177041       0.220142       0.191189       0.174579       0.174310
  1.800000       0.180892       0.218575       0.192713       0.176085       0.176691
  1.820000       0.184424       0.216785       0.194123       0.177873       0.179066
  1.840000       0.187622       0.214835       0.195363       0.179916       0.181465
  1.860000       0.190475       0.212814       0.196415       0.182178       0.183919
  1.880000       0.192971       0.210746       0.197300       0.184680       0.186437
  1.900000       0.195100       0.208609       0.197983       0.187436       0.189012
  1.920000       0.196854       0.206445       0.198522       0.190363       0.191637
  1.940000       0.198225       0.204263       0.199015       0.193435       0.194325
  1.960000       0.199209       0.202103       0.199491       0.196668       0.197104
  1.980000       0.199802       0.200000       0.200000       0.200000       0.200000
