Time          1.0                  2.0                  3.0                  4.0                  4.5       
         X          U         X          U         X          U         X          U         X          U   
    -20.000000  1.000000 -20.000000  1.000000 -20.000000  1.000000 -20.000000  1.000000 -20.000000  1.000000
    -19.300000  1.000000 -19.300000  1.000000 -19.300000  1.000000 -19.300000  1.000000 -19.300000  1.000000
    -18.600000  1.000000 -18.600000  1.000000 -18.600000  1.000000 -18.600000  1.000000 -18.600000  1.000000
    -17.900000  1.000000 -17.900000  1.000000 -17.900000  1.000000 -17.900000  1.000000 -17.900000  1.000000
    -17.200000  1.000000 -17.200000  1.000000 -17.200000  1.000000 -17.200000  1.000000 -17.200000  1.000000
    -16.500000  1.000000 -16.500000  1.000000 -16.500000  1.000000 -16.500000  1.000000 -16.500000  1.000000
    -15.800000  1.000000 -15.800000  1.000000 -15.800000  1.000000 -15.800000  1.000000 -15.800000  1.000000
    -15.100000  1.000000 -15.100000  1.000000 -15.100000  1.000000 -15.100000  1.000000 -15.100000  1.000000
    -14.400000  1.000000 -14.400000  1.000000 -14.400000  1.000000 -14.400000  1.000000 -14.400000  1.000000
    -13.700000  1.000000 -13.700000  1.000000 -13.700000  1.000000 -13.700000  1.000000 -13.700000  1.000000
    -13.000000  1.000000 -13.000000  1.000000 -13.000000  1.000000 -13.000000  1.000000 -13.000000  1.000000
    -12.300000  1.000000 -12.300000  1.000000 -12.300000  1.000000 -12.300000  1.000000 -12.300000  1.000000
    -11.600000  1.000000 -11.600000  1.000000 -11.600000  1.000000 -11.600000  1.000000 -11.600000  1.000000
    -10.900000  1.000000 -10.900000  1.000000 -10.900000  1.000000 -10.900000  1.000000 -10.900000  1.000000
    -10.200000  1.000000 -10.200000  1.000000 -10.200000  1.000000 -10.200000  1.000000 -10.200000  1.000000
     -9.500000  1.000000  -9.500000  1.000000  -9.500000  1.000000  -9.500000  1.000000  -9.500000  1.000000
     -8.800000  1.000000  -8.800000  1.000000  -8.800000  1.000000  -8.800000  1.000000  -8.800000  1.000000
     -8.100000  1.000000  -8.100000  1.000000  -8.100000  1.000000  -8.100000  1.000000  -8.100000  1.000000
     -7.400000  1.000000  -7.400000  1.000000  -7.400000  1.000000  -7.400000  1.000000  -7.400000  1.000000
     -6.700000  1.000000  -6.700000  1.000000  -6.700000  1.000000  -6.700000  1.000000  -6.700000  1.000000
     -6.000000  1.000000  -6.000000  1.000000  -6.000000  1.000000  -6.000000  1.000000  -6.000000  1.000000
     -5.300000  1.000000  -5.300000  1.000000  -5.300000  1.000000  -5.300000  1.000000  -5.300000  1.000000
     -4.600000  1.000000  -4.600000  1.000000  -4.600000  1.000000  -4.600000  1.000000  -4.600000  1.000000
     -3.900000  1.000000  -3.900000  1.000000  -3.900000  1.000000  -3.900000  1.000000  -3.900000  1.000000
     -3.200000  1.000000  -3.200000  1.000000  -3.200000  1.000000  -3.200000  1.000000  -3.200000  1.000000
     -2.500000  1.000000  -2.500000  1.000000  -2.500000  1.000000  -2.500000  1.000000  -2.500000  1.000000
     -1.800000  1.000000  -1.800000  1.000000  -1.800000  1.000000  -1.800000  1.000000  -1.800000  1.000000
     -1.100000  1.000000  -1.100000  1.000000  -1.100000  1.000000  -1.100000  1.000000  -1.100000  1.000000
     -0.400000  1.000000  -0.400000  1.000000  -0.400000  1.000000  -0.400000  1.000000  -0.400000  1.000000
      0.300000  0.982129   0.300000  0.996274   0.300000  0.999219   0.300000  0.999835   0.300000  0.999924
      1.000000  0.843553   1.000000  0.968997   1.000000  0.993213   1.000000  0.998484   1.000000  0.999280
      1.700000  0.575141   1.700000  0.861298   1.700000  0.967834   1.700000  0.992247   1.700000  0.996192
      2.400000  0.332499   2.400000  0.660660   2.400000  0.883593   2.400000  0.970452   2.400000  0.984997
      3.100000  0.157343   3.100000  0.463134   3.100000  0.718492   3.100000  0.904592   3.100000  0.950885
      3.800000  0.053258   3.800000  0.295464   3.800000  0.548039   3.800000  0.764504   3.800000  0.854169
      4.500000  0.013202   4.500000  0.170108   4.500000  0.392279   4.500000  0.612246   4.500000  0.711984
      5.200000  0.002561   5.200000  0.086638   5.200000  0.262962   5.200000  0.467466   5.200000  0.568476
      5.900000  0.000402   5.900000  0.036718   5.900000  0.164582   5.900000  0.339773   5.900000  0.434586
      6.600000  0.000052   6.600000  0.012141   6.600000  0.095597   6.600000  0.234844   6.600000  0.317834
      7.300000  0.000006   7.300000  0.003320   7.300000  0.050886   7.300000  0.154143   7.300000  0.222203
      8.000000  0.000001   8.000000  0.000775   8.000000  0.024162   8.000000  0.095846   8.000000  0.148354
      8.700000  0.000000   8.700000  0.000158   8.700000  0.009466   8.700000  0.056208   8.700000  0.094438
      9.400000  0.000000   9.400000  0.000028   9.400000  0.003101   9.400000  0.030826   9.400000  0.057153
     10.100000  0.000000  10.100000  0.000005  10.100000  0.000884  10.100000  0.015541  10.100000  0.032711
     10.800000  0.000000  10.800000  0.000001  10.800000  0.000224  10.800000  0.006904  10.800000  0.017534
     11.500000  0.000000  11.500000  0.000000  11.500000  0.000051  11.500000  0.002570  11.500000  0.008632
     12.200000  0.000000  12.200000  0.000000  12.200000  0.000011  12.200000  0.000836  12.200000  0.003706
     12.900000  0.000000  12.900000  0.000000  12.900000  0.000002  12.900000  0.000244  12.900000  0.001356
     13.600000  0.000000  13.600000  0.000000  13.600000  0.000000  13.600000  0.000065  13.600000  0.000440
     14.300000  0.000000  14.300000  0.000000  14.300000  0.000000  14.300000  0.000016  14.300000  0.000129
     15.000000  0.000000  15.000000  0.000000  15.000000  0.000000  15.000000  0.000004  15.000000  0.000035
     15.700000  0.000000  15.700000  0.000000  15.700000  0.000000  15.700000  0.000001  15.700000  0.000009
     16.400000  0.000000  16.400000  0.000000  16.400000  0.000000  16.400000  0.000000  16.400000  0.000002
     17.100000  0.000000  17.100000  0.000000  17.100000  0.000000  17.100000  0.000000  17.100000  0.000000
     17.800000  0.000000  17.800000  0.000000  17.800000  0.000000  17.800000  0.000000  17.800000  0.000000
     18.500000  0.000000  18.500000  0.000000  18.500000  0.000000  18.500000  0.000000  18.500000  0.000000
     19.200000  0.000000  19.200000  0.000000  19.200000  0.000000  19.200000  0.000000  19.200000  0.000000
     19.900000  0.000000  19.900000  0.000000  19.900000  0.000000  19.900000  0.000000  19.900000  0.000000
     20.600000  0.000000  20.600000  0.000000  20.600000  0.000000  20.600000  0.000000  20.600000  0.000000
     21.300000  0.000000  21.300000  0.000000  21.300000  0.000000  21.300000  0.000000  21.300000  0.000000
     22.000000  0.000000  22.000000  0.000000  22.000000  0.000000  22.000000  0.000000  22.000000  0.000000
     22.700000  0.000000  22.700000  0.000000  22.700000  0.000000  22.700000  0.000000  22.700000  0.000000
     23.400000  0.000000  23.400000  0.000000  23.400000  0.000000  23.400000  0.000000  23.400000  0.000000
     24.100000  0.000000  24.100000  0.000000  24.100000  0.000000  24.100000  0.000000  24.100000  0.000000
     24.800000  0.000000  24.800000  0.000000  24.800000  0.000000  24.800000  0.000000  24.800000  0.000000
     25.500000  0.000000  25.500000  0.000000  25.500000  0.000000  25.500000  0.000000  25.500000  0.000000
     26.200000  0.000000  26.200000  0.000000  26.200000  0.000000  26.200000  0.000000  26.200000  0.000000
     26.900000  0.000000  26.900000  0.000000  26.900000  0.000000  26.900000  0.000000  26.900000  0.000000
     27.600000  0.000000  27.600000  0.000000  27.600000  0.000000  27.600000  0.000000  27.600000  0.000000
     28.300000  0.000000  28.300000  0.000000  28.300000  0.000000  28.300000  0.000000  28.300000  0.000000
     29.000000  0.000000  29.000000  0.000000  29.000000  0.000000  29.000000  0.000000  29.000000  0.000000
     29.700000  0.000000  29.700000  0.000000  29.700000  0.000000  29.700000  0.000000  29.700000  0.000000
     30.400000  0.000000  30.400000  0.000000  30.400000  0.000000  30.400000  0.000000  30.400000  0.000000
     31.100000  0.000000  31.100000  0.000000  31.100000  0.000000  31.100000  0.000000  31.100000  0.000000
     31.800000  0.000000  31.800000  0.000000  31.800000  0.000000  31.800000  0.000000  31.800000  0.000000
     32.500000  0.000000  32.500000  0.000000  32.500000  0.000000  32.500000  0.000000  32.500000  0.000000
     33.200000  0.000000  33.200000  0.000000  33.200000  0.000000  33.200000  0.000000  33.200000  0.000000
     33.900000  0.000000  33.900000  0.000000  33.900000  0.000000  33.900000  0.000000  33.900000  0.000000
     34.600000  0.000000  34.600000  0.000000  34.600000  0.000000  34.600000  0.000000  34.600000  0.000000
     35.300000  0.000000  35.300000  0.000000  35.300000  0.000000  35.300000  0.000000  35.300000  0.000000
     36.000000  0.000000  36.000000  0.000000  36.000000  0.000000  36.000000  0.000000  36.000000  0.000000
     36.700000  0.000000  36.700000  0.000000  36.700000  0.000000  36.700000  0.000000  36.700000  0.000000
     37.400000  0.000000  37.400000  0.000000  37.400000  0.000000  37.400000  0.000000  37.400000  0.000000
     38.100000  0.000000  38.100000  0.000000  38.100000  0.000000  38.100000  0.000000  38.100000  0.000000
     38.800000  0.000000  38.800000  0.000000  38.800000  0.000000  38.800000  0.000000  38.800000  0.000000
     39.500000  0.000000  39.500000  0.000000  39.500000  0.000000  39.500000  0.000000  39.500000  0.000000
     40.200000  0.000000  40.200000  0.000000  40.200000  0.000000  40.200000  0.000000  40.200000  0.000000
     40.900000  0.000000  40.900000  0.000000  40.900000  0.000000  40.900000  0.000000  40.900000  0.000000
     41.600000  0.000000  41.600000  0.000000  41.600000  0.000000  41.600000  0.000000  41.600000  0.000000
     42.300000  0.000000  42.300000  0.000000  42.300000  0.000000  42.300000  0.000000  42.300000  0.000000
     43.000000  0.000000  43.000000  0.000000  43.000000  0.000000  43.000000  0.000000  43.000000  0.000000
     43.700000  0.000000  43.700000  0.000000  43.700000  0.000000  43.700000  0.000000  43.700000  0.000000
     44.400000  0.000000  44.400000  0.000000  44.400000  0.000000  44.400000  0.000000  44.400000  0.000000
     45.100000  0.000000  45.100000  0.000000  45.100000  0.000000  45.100000  0.000000  45.100000  0.000000
     45.800000  0.000000  45.800000  0.000000  45.800000  0.000000  45.800000  0.000000  45.800000  0.000000
     46.500000  0.000000  46.500000  0.000000  46.500000  0.000000  46.500000  0.000000  46.500000  0.000000
     47.200000  0.000000  47.200000  0.000000  47.200000  0.000000  47.200000  0.000000  47.200000  0.000000
     47.900000  0.000000  47.900000  0.000000  47.900000  0.000000  47.900000  0.000000  47.900000  0.000000
     48.600000  0.000000  48.600000  0.000000  48.600000  0.000000  48.600000  0.000000  48.600000  0.000000
     49.300000  0.000000  49.300000  0.000000  49.300000  0.000000  49.300000  0.000000  49.300000  0.000000
     50.000000  0.000000  50.000000  0.000000  50.000000  0.000000  50.000000  0.000000  50.000000  0.000000
     50.700000  0.000000  50.700000  0.000000  50.700000  0.000000  50.700000  0.000000  50.700000  0.000000
     51.400000  0.000000  51.400000  0.000000  51.400000  0.000000  51.400000  0.000000  51.400000  0.000000
     52.100000  0.000000  52.100000  0.000000  52.100000  0.000000  52.100000  0.000000  52.100000  0.000000
     52.800000  0.000000  52.800000  0.000000  52.800000  0.000000  52.800000  0.000000  52.800000  0.000000
     53.500000  0.000000  53.500000  0.000000  53.500000  0.000000  53.500000  0.000000  53.500000  0.000000
     54.200000  0.000000  54.200000  0.000000  54.200000  0.000000  54.200000  0.000000  54.200000  0.000000
     54.900000  0.000000  54.900000  0.000000  54.900000  0.000000  54.900000  0.000000  54.900000  0.000000
     55.600000  0.000000  55.600000  0.000000  55.600000  0.000000  55.600000  0.000000  55.600000  0.000000
     56.300000  0.000000  56.300000  0.000000  56.300000  0.000000  56.300000  0.000000  56.300000  0.000000
     57.000000  0.000000  57.000000  0.000000  57.000000  0.000000  57.000000  0.000000  57.000000  0.000000
     57.700000  0.000000  57.700000  0.000000  57.700000  0.000000  57.700000  0.000000  57.700000  0.000000
     58.400000  0.000000  58.400000  0.000000  58.400000  0.000000  58.400000  0.000000  58.400000  0.000000
     59.100000  0.000000  59.100000  0.000000  59.100000  0.000000  59.100000  0.000000  59.100000  0.000000
     59.800000  0.000000  59.800000  0.000000  59.800000  0.000000  59.800000  0.000000  59.800000  0.000000
     60.500000  0.000000  60.500000  0.000000  60.500000  0.000000  60.500000  0.000000  60.500000  0.000000
     61.200000  0.000000  61.200000  0.000000  61.200000  0.000000  61.200000  0.000000  61.200000  0.000000
     61.900000  0.000000  61.900000  0.000000  61.900000  0.000000  61.900000  0.000000  61.900000  0.000000
     62.600000  0.000000  62.600000  0.000000  62.600000  0.000000  62.600000  0.000000  62.600000  0.000000
     63.300000  0.000000  63.300000  0.000000  63.300000  0.000000  63.300000  0.000000  63.300000  0.000000
     64.000000  0.000000  64.000000  0.000000  64.000000  0.000000  64.000000  0.000000  64.000000  0.000000
     64.700000  0.000000  64.700000  0.000000  64.700000  0.000000  64.700000  0.000000  64.700000  0.000000
     65.400000  0.000000  65.400000  0.000000  65.400000  0.000000  65.400000  0.000000  65.400000  0.000000
     66.100000  0.000000  66.100000  0.000000  66.100000  0.000000  66.100000  0.000000  66.100000  0.000000
     66.800000  0.000000  66.800000  0.000000  66.800000  0.000000  66.800000  0.000000  66.800000  0.000000
     67.500000  0.000000  67.500000  0.000000  67.500000  0.000000  67.500000  0.000000  67.500000  0.000000
     68.200000  0.000000  68.200000  0.000000  68.200000  0.000000  68.200000  0.000000  68.200000  0.000000
     68.900000  0.000000  68.900000  0.000000  68.900000  0.000000  68.900000  0.000000  68.900000  0.000000
